 weights [-0.06926353  0.0502729  -0.14687397 ... -0.0196561   0.05588424
  0.04815709] 
 weights [-0.08607731  0.03448423 -0.16243528 ... -0.02316054  0.05337081
  0.04407198] 
 weights [-0.46755591 -0.26087186 -0.25977302 ... -0.01925001  0.13853632
  0.03736608] 
 weights [-0.08492471  0.0362066  -0.15075237 ... -0.01298244  0.06167433
  0.06679884] 
 weights [-0.07310721  0.05208708 -0.14525425 ... -0.02879198  0.04621946
  0.06097067] 
 weights [-0.03357631  0.08387681 -0.1387836  ... -0.01605315  0.05357364
  0.04192446] 
 weights [-0.07877986  0.03987524 -0.15357453 ...  0.00019574  0.06766499
  0.04179129] 
 weights [-0.06266729  0.05878966 -0.14644229 ... -0.01844309  0.0581708
  0.05139641] 
 weights [-0.04605351  0.04043204 -0.10548437 ... -0.01513587  0.03756888
  0.03652249] 
 path weights.json 
 model_weights_ipfs_hash QmTMvZYES32AP4yZwtqynxfCrmBPospobnsXg2CT1Fo9G4 
